      60      50       2    0.272558990479E+03
      60      50       3    0.272413452148E+03
      60      50       4    0.272202362061E+03
      60      50       5    0.272095916748E+03
      60      50       6    0.272003753662E+03
      60      50       7    0.271880645752E+03
      60      50       8    0.271957733154E+03
      60      50       9    0.271860382080E+03
      60      50      10    0.272015319824E+03
      60      50      11    0.272132781982E+03
      60      50      12    0.272152282715E+03
      60      50      13    0.272067474365E+03
      60      50      14    0.271946044922E+03
      60      50      15    0.271892944336E+03
      60      50      16    0.271832824707E+03
      60      50      17    0.271789672852E+03
      60      50      18    0.271797210693E+03
      60      50      19    0.271921997070E+03
      60      50      20    0.272024902344E+03
      60      50      21    0.272139587402E+03
      60      50      22    0.272260345459E+03
      60      50      23    0.272331054688E+03
      60      50      24    0.272254882812E+03
      60      50      25    0.272235809326E+03
      60      50      26    0.272348693848E+03
      60      50      27    0.272227569580E+03
      60      50      28    0.272286193848E+03
      60      50      29    0.272238525391E+03
      60      50      30    0.272299804688E+03
      60      50      31    0.272857421875E+03
      60      50      32    0.273259918213E+03
      60      50      33    0.273506530762E+03
      60      50      34    0.273840362549E+03
      60      50      35    0.273768493652E+03
      60      50      36    0.273674194336E+03
      60      50      37    0.274012756348E+03
      60      50      38    0.273917510986E+03
      60      50      39    0.274063110352E+03
      60      50      40    0.274140014648E+03
      60      50      41    0.274377319336E+03
      60      50      42    0.274418395996E+03
      60      50      43    0.274239318848E+03
      60      50      44    0.274225891113E+03
      60      50      45    0.274091979980E+03
      60      50      46    0.273972839355E+03
      60      50      47    0.273978515625E+03
      60      50      48    0.273833374023E+03
      60      50      49    0.273630523682E+03
      60      50      50    0.273398376465E+03
      60      50      51    0.273332855225E+03
      60      50      52    0.273268920898E+03
      60      50      53    0.273245147705E+03
      60      50      54    0.273360870361E+03
      60      50      55    0.273554931641E+03
      60      50      56    0.273758209229E+03
      60      50      57    0.273955261230E+03
      60      50      58    0.274059814453E+03
      60      50      59    0.274146362305E+03
      60      50      60    0.273996215820E+03
      60      50      61    0.273921630859E+03
      60      50      62    0.274175048828E+03
      60      50      63    0.274280334473E+03
      60      50      64    0.274205627441E+03
      60      50      65    0.274268432617E+03
      60      50      66    0.274257446289E+03
      60      50      67    0.274249572754E+03
      60      50      68    0.274315612793E+03
      60      50      69    0.274331176758E+03
      60      50      70    0.274325317383E+03
      60      50      71    0.274286010742E+03
      60      50      72    0.274280334473E+03
      60      50      73    0.274281433105E+03
      60      50      74    0.274269866943E+03
      60      50      75    0.274311950684E+03
      60      50      76    0.274362670898E+03
      60      50      77    0.274343170166E+03
      60      50      78    0.274281738281E+03
      60      50      79    0.274252380371E+03
      60      50      80    0.274150543213E+03
      60      50      81    0.273970275879E+03
      60      50      82    0.273830291748E+03
      60      50      83    0.273783386230E+03
      60      50      84    0.273758728027E+03
      60      50      85    0.273610229492E+03
      60      50      86    0.273552734375E+03
      60      50      87    0.273486511230E+03
      60      50      88    0.273309967041E+03
      60      50      89    0.272686462402E+03
      60      50      90    0.272279602051E+03
      60      50      91    0.272467224121E+03
      60      50      92    0.272537872314E+03
      60      50      93    0.272589996338E+03
      60      50      94    0.272832275391E+03
      60      50      95    0.273460845947E+03
      60      50      96    0.274228942871E+03
      60      50      97    0.274860900879E+03
      60      50      98    0.274966674805E+03
      60      50      99    0.275241455078E+03
      60      50     100    0.275267761230E+03
      60      50     101    0.275029968262E+03
      60      50     102    0.274985015869E+03
      60      50     103    0.275143737793E+03
      60      50     104    0.275161743164E+03
      60      50     105    0.275126281738E+03
      60      50     106    0.275087524414E+03
      60      50     107    0.274992309570E+03
      60      50     108    0.274940673828E+03
      60      50     109    0.274877807617E+03
      60      50     110    0.274648681641E+03
      60      50     111    0.274483398438E+03
      60      50     112    0.274661834717E+03
      60      50     113    0.274779052734E+03
      60      50     114    0.274496154785E+03
      60      50     115    0.274173797607E+03
      60      50     116    0.274122131348E+03
      60      50     117    0.274112396240E+03
      60      50     118    0.274335021973E+03
      60      50     119    0.274506835938E+03
      60      50     120    0.274744537354E+03
      60      50     121    0.274830139160E+03
      60      50     122    0.274811462402E+03
      60      50     123    0.274788848877E+03
      60      50     124    0.274658416748E+03
      60      50     125    0.274619598389E+03
      60      50     126    0.274731384277E+03
      60      50     127    0.274876922607E+03
      60      50     128    0.275085876465E+03
      60      50     129    0.275512878418E+03
      60      50     130    0.275785583496E+03
      60      50     131    0.275884399414E+03
      60      50     132    0.275944641113E+03
      60      50     133    0.275996887207E+03
      60      50     134    0.276088562012E+03
      60      50     135    0.276147460938E+03
      60      50     136    0.276105651855E+03
      60      50     137    0.276058593750E+03
      60      50     138    0.276156127930E+03
      60      50     139    0.276438873291E+03
      60      50     140    0.276701660156E+03
      60      50     141    0.276793151855E+03
      60      50     142    0.276844421387E+03
      60      50     143    0.277001403809E+03
      60      50     144    0.277115692139E+03
      60      50     145    0.277056640625E+03
      60      50     146    0.276962249756E+03
      60      50     147    0.276919311523E+03
      60      50     148    0.276986877441E+03
      60      50     149    0.277132812500E+03
      60      50     150    0.277011840820E+03
      60      50     151    0.276877746582E+03
      60      50     152    0.276935974121E+03
      60      50     153    0.276967102051E+03
      60      50     154    0.276984985352E+03
      60      50     155    0.277068237305E+03
      60      50     156    0.276847290039E+03
      60      50     157    0.276382080078E+03
      60      50     158    0.275916198730E+03
      60      50     159    0.275247222900E+03
      60      50     160    0.275301330566E+03
      60      50     161    0.275420532227E+03
      60      50     162    0.274956970215E+03
      60      50     163    0.274858734131E+03
      60      50     164    0.275306091309E+03
      60      50     165    0.275818939209E+03
      60      50     166    0.276914581299E+03
      60      50     167    0.278010620117E+03
      60      50     168    0.278269409180E+03
      60      50     169    0.277869201660E+03
      60      50     170    0.277579803467E+03
      60      50     171    0.277843017578E+03
      60      50     172    0.277850433350E+03
      60      50     173    0.277749084473E+03
      60      50     174    0.277888305664E+03
      60      50     175    0.277957580566E+03
      60      50     176    0.278097717285E+03
      60      50     177    0.278232208252E+03
      60      50     178    0.278044311523E+03
      60      50     179    0.277575744629E+03
      60      50     180    0.278013671875E+03
      60      50     181    0.278386810303E+03
      60      50     182    0.278601470947E+03
      60      50     183    0.279284637451E+03
      60      50     184    0.279998474121E+03
      60      50     185    0.280374572754E+03
      60      50     186    0.280389984131E+03
      60      50     187    0.280247070312E+03
      60      50     188    0.280308654785E+03
      60      50     189    0.280269714355E+03
      60      50     190    0.280260681152E+03
      60      50     191    0.280079345703E+03
      60      50     192    0.279943389893E+03
      60      50     193    0.279684509277E+03
      60      50     194    0.279335998535E+03
      60      50     195    0.279077484131E+03
      60      50     196    0.278656433105E+03
      60      50     197    0.278834167480E+03
      60      50     198    0.278882598877E+03
      60      50     199    0.278809326172E+03
      60      50     200    0.278790039062E+03
      60      50     201    0.279114379883E+03
      60      50     202    0.279365966797E+03
      60      50     203    0.279493591309E+03
      60      50     204    0.279761779785E+03
      60      50     205    0.279871826172E+03
      60      50     206    0.279686859131E+03
      60      50     207    0.279443908691E+03
      60      50     208    0.279367736816E+03
      60      50     209    0.279574249268E+03
      60      50     210    0.279300598145E+03
      60      50     211    0.279284729004E+03
      60      50     212    0.279324951172E+03
      60      50     213    0.279045593262E+03
      60      50     214    0.278726135254E+03
      60      50     215    0.278473876953E+03
      60      50     216    0.278443237305E+03
      60      50     217    0.278394226074E+03
      60      50     218    0.278511260986E+03
      60      50     219    0.278843811035E+03
      60      50     220    0.278945556641E+03
      60      50     221    0.278917236328E+03
      60      50     222    0.278815917969E+03
      60      50     223    0.278833740234E+03
      60      50     224    0.278835632324E+03
      60      50     225    0.278601013184E+03
      60      50     226    0.278525817871E+03
      60      50     227    0.278493835449E+03
      60      50     228    0.278851318359E+03
      60      50     229    0.279107238770E+03
      60      50     230    0.278722412109E+03
      60      50     231    0.278349243164E+03
      60      50     232    0.278342254639E+03
      60      50     233    0.278498962402E+03
      60      50     234    0.278709930420E+03
      60      50     235    0.278976562500E+03
      60      50     236    0.279136047363E+03
      60      50     237    0.279206665039E+03
      60      50     238    0.279432983398E+03
      60      50     239    0.279447692871E+03
      60      50     240    0.279466857910E+03
      60      50     241    0.279456054688E+03
      60      50     242    0.279280273438E+03
      60      50     243    0.278623352051E+03
      60      50     244    0.278072204590E+03
      60      50     245    0.278388397217E+03
      60      50     246    0.278788513184E+03
      60      50     247    0.278537658691E+03
      60      50     248    0.278494689941E+03
      60      50     249    0.278571838379E+03
      60      50     250    0.278081665039E+03
      60      50     251    0.277822723389E+03
      60      50     252    0.277891906738E+03
      60      50     253    0.278170776367E+03
      60      50     254    0.278612915039E+03
      60      50     255    0.278811035156E+03
      60      50     256    0.279076477051E+03
      60      50     257    0.279285583496E+03
      60      50     258    0.279580627441E+03
      60      50     259    0.279596740723E+03
      60      50     260    0.279448150635E+03
      60      50     261    0.279344421387E+03
      60      50     262    0.279414733887E+03
      60      50     263    0.279498413086E+03
      60      50     264    0.279456115723E+03
      60      50     265    0.279321411133E+03
      60      50     266    0.279227905273E+03
      60      50     267    0.279236633301E+03
      60      50     268    0.279157897949E+03
      60      50     269    0.278856689453E+03
      60      50     270    0.278758422852E+03
      60      50     271    0.278788146973E+03
      60      50     272    0.278951812744E+03
      60      50     273    0.279140502930E+03
      60      50     274    0.279390441895E+03
      60      50     275    0.279635925293E+03
      60      50     276    0.279683410645E+03
      60      50     277    0.279652770996E+03
      60      50     278    0.279392456055E+03
      60      50     279    0.279503936768E+03
      60      50     280    0.279525604248E+03
      60      50     281    0.279432495117E+03
      60      50     282    0.279437683105E+03
      60      50     283    0.279448577881E+03
      60      50     284    0.279424743652E+03
      60      50     285    0.279475952148E+03
      60      50     286    0.279618164062E+03
      60      50     287    0.279417663574E+03
      60      50     288    0.279407470703E+03
      60      50     289    0.279416168213E+03
      60      50     290    0.279338684082E+03
      60      50     291    0.279271789551E+03
      60      50     292    0.279194030762E+03
      60      50     293    0.279181457520E+03
      60      50     294    0.279177490234E+03
      60      50     295    0.279113708496E+03
      60      50     296    0.279154693604E+03
      60      50     297    0.279042053223E+03
      60      50     298    0.279007232666E+03
      60      50     299    0.279000610352E+03
      60      50     300    0.278973205566E+03
      60      50     301    0.278883056641E+03
      60      50     302    0.278834960938E+03
      60      50     303    0.278873291016E+03
      60      50     304    0.278785949707E+03
      60      50     305    0.278711364746E+03
      60      50     306    0.278833068848E+03
      60      50     307    0.278639770508E+03
      60      50     308    0.278721893311E+03
      60      50     309    0.278688232422E+03
      60      50     310    0.278741394043E+03
      60      50     311    0.278783538818E+03
      60      50     312    0.278884704590E+03
      60      50     313    0.279007263184E+03
      60      50     314    0.279046325684E+03
      60      50     315    0.279180358887E+03
      60      50     316    0.279382080078E+03
      60      50     317    0.279412078857E+03
      60      50     318    0.279605957031E+03
      60      50     319    0.279591308594E+03
      60      50     320    0.280415039062E+03
      60      50     321    0.280340148926E+03
      60      50     322    0.278837219238E+03
      60      50     323    0.277481079611E+03
      60      50     324    0.279588443138E+03
      60      50     325    0.279437931495E+03
      60      50     326    0.279185272932E+03
      60      50     327    0.282902269437E+03
      60      50     328    0.278736938477E+03
      60      50     329    0.279250122070E+03
      60      50     330    0.279274963379E+03
      60      50     331    0.278924682617E+03
      60      50     332    0.278494506836E+03
      60      50     333    0.278262390137E+03
      60      50     334    0.277998748779E+03
      60      50     335    0.277912292480E+03
      60      50     336    0.277879577637E+03
      60      50     337    0.277804870605E+03
      60      50     338    0.277789398193E+03
      60      50     339    0.277813812256E+03
      60      50     340    0.277782165527E+03
      60      50     341    0.277555603027E+03
      60      50     342    0.277389953613E+03
      60      50     343    0.277442382812E+03
      60      50     344    0.277512451172E+03
      60      50     345    0.277451904297E+03
      60      50     346    0.277296905518E+03
      60      50     347    0.277098144531E+03
      60      50     348    0.276127807617E+03
      60      50     349    0.275455932617E+03
      60      50     350    0.275233886719E+03
      60      50     351    0.274666564941E+03
      60      50     352    0.274109924316E+03
      60      50     353    0.274115875244E+03
      60      50     354    0.274105224609E+03
      60      50     355    0.273780822754E+03
      60      50     356    0.273614257812E+03
      60      50     357    0.273362579346E+03
      60      50     358    0.273303405762E+03
      60      50     359    0.273428039551E+03
      60      50     360    0.273472778320E+03
      60      50     361    0.273492492676E+03
      60      50     362    0.273383483887E+03
      60      50     363    0.272897613525E+03
      60      50     364    0.272672027588E+03
      60      50     365    0.272618347168E+03
      60      50     366    0.272470886230E+03
      60      50     367    0.272256286621E+03
      60      50     368    0.272278472900E+03
      60      50     369    0.272462982178E+03
      60      50     370    0.272694824219E+03
      60      50     371    0.272930969238E+03
      60      50     372    0.273276275635E+03
      60      50     373    0.273570007324E+03
      60      50     374    0.273646484375E+03
      60      50     375    0.273825622559E+03
      60      50     376    0.273996002197E+03
      60      50     377    0.274067260742E+03
      60      50     378    0.273936035156E+03
      60      50     379    0.273878967285E+03
      60      50     380    0.274044342041E+03
      60      50     381    0.274089141846E+03
      60      50     382    0.273950561523E+03
      60      50     383    0.273801147461E+03
      60      50     384    0.273640136719E+03
      60      50     385    0.273475860596E+03
      60      50     386    0.273504516602E+03
      60      50     387    0.273458831787E+03
      60      50     388    0.273354705811E+03
      60      50     389    0.273391479492E+03
      60      50     390    0.273348083496E+03
      60      50     391    0.273031677246E+03
      60      50     392    0.272893554688E+03
      60      50     393    0.273041748047E+03
      60      50     394    0.273043884277E+03
      60      50     395    0.272828460693E+03
      60      50     396    0.272631652832E+03
      60      50     397    0.272740234375E+03
      60      50     398    0.272440399170E+03
      60      50     399    0.272196777344E+03
      60      50     400    0.272212219238E+03
      60      50     401    0.272339111328E+03
