      60      50       2    0.990000000000E+00
      60      50       3    0.990000000000E+00
      60      50       4    0.990000000000E+00
      60      50       5    0.990000000000E+00
      60      50       6    0.990000000000E+00
      60      50       7    0.990000000000E+00
      60      50       8    0.990000000000E+00
      60      50       9    0.990000000000E+00
      60      50      10    0.990000000000E+00
      60      50      11    0.990000000000E+00
      60      50      12    0.990000000000E+00
      60      50      13    0.990000000000E+00
      60      50      14    0.990000000000E+00
      60      50      15    0.990000000000E+00
      60      50      16    0.990000000000E+00
      60      50      17    0.990000000000E+00
      60      50      18    0.990000000000E+00
      60      50      19    0.990000000000E+00
      60      50      20    0.990000000000E+00
      60      50      21    0.990000000000E+00
      60      50      22    0.990000000000E+00
      60      50      23    0.990000000000E+00
      60      50      24    0.990000000000E+00
      60      50      25    0.990000000000E+00
      60      50      26    0.990000000000E+00
      60      50      27    0.990000000000E+00
      60      50      28    0.990000000000E+00
      60      50      29    0.990000000000E+00
      60      50      30    0.990000000000E+00
      60      50      31    0.990000000000E+00
      60      50      32    0.990000000000E+00
      60      50      33    0.990000000000E+00
      60      50      34    0.990000000000E+00
      60      50      35    0.990000000000E+00
      60      50      36    0.990000000000E+00
      60      50      37    0.990000000000E+00
      60      50      38    0.990000000000E+00
      60      50      39    0.990000000000E+00
      60      50      40    0.990000000000E+00
      60      50      41    0.990000000000E+00
      60      50      42    0.990000000000E+00
      60      50      43    0.990000000000E+00
      60      50      44    0.990000000000E+00
      60      50      45    0.990000000000E+00
      60      50      46    0.990000000000E+00
      60      50      47    0.990000000000E+00
      60      50      48    0.990000000000E+00
      60      50      49    0.990000000000E+00
      60      50      50    0.990000000000E+00
      60      50      51    0.990000000000E+00
      60      50      52    0.990000000000E+00
      60      50      53    0.990000000000E+00
      60      50      54    0.990000000000E+00
      60      50      55    0.990000000000E+00
      60      50      56    0.990000000000E+00
      60      50      57    0.990000000000E+00
      60      50      58    0.990000000000E+00
      60      50      59    0.990000000000E+00
      60      50      60    0.990000000000E+00
      60      50      61    0.990000000000E+00
      60      50      62    0.990000000000E+00
      60      50      63    0.990000000000E+00
      60      50      64    0.990000000000E+00
      60      50      65    0.990000000000E+00
      60      50      66    0.990000000000E+00
      60      50      67    0.990000000000E+00
      60      50      68    0.990000000000E+00
      60      50      69    0.990000000000E+00
      60      50      70    0.990000000000E+00
      60      50      71    0.990000000000E+00
      60      50      72    0.990000000000E+00
      60      50      73    0.990000000000E+00
      60      50      74    0.990000000000E+00
      60      50      75    0.990000000000E+00
      60      50      76    0.990000000000E+00
      60      50      77    0.990000000000E+00
      60      50      78    0.990000000000E+00
      60      50      79    0.990000000000E+00
      60      50      80    0.990000000000E+00
      60      50      81    0.990000000000E+00
      60      50      82    0.990000000000E+00
      60      50      83    0.990000000000E+00
      60      50      84    0.990000000000E+00
      60      50      85    0.990000000000E+00
      60      50      86    0.990000000000E+00
      60      50      87    0.990000000000E+00
      60      50      88    0.990000000000E+00
      60      50      89    0.990000000000E+00
      60      50      90    0.990000000000E+00
      60      50      91    0.990000000000E+00
      60      50      92    0.990000000000E+00
      60      50      93    0.990000000000E+00
      60      50      94    0.990000000000E+00
      60      50      95    0.990000000000E+00
      60      50      96    0.990000000000E+00
      60      50      97    0.990000000000E+00
      60      50      98    0.990000000000E+00
      60      50      99    0.990000000000E+00
      60      50     100    0.990000000000E+00
      60      50     101    0.990000000000E+00
      60      50     102    0.990000000000E+00
      60      50     103    0.990000000000E+00
      60      50     104    0.990000000000E+00
      60      50     105    0.990000000000E+00
      60      50     106    0.990000000000E+00
      60      50     107    0.990000000000E+00
      60      50     108    0.990000000000E+00
      60      50     109    0.990000000000E+00
      60      50     110    0.990000000000E+00
      60      50     111    0.990000000000E+00
      60      50     112    0.990000000000E+00
      60      50     113    0.990000000000E+00
      60      50     114    0.990000000000E+00
      60      50     115    0.990000000000E+00
      60      50     116    0.990000000000E+00
      60      50     117    0.990000000000E+00
      60      50     118    0.990000000000E+00
      60      50     119    0.990000000000E+00
      60      50     120    0.990000000000E+00
      60      50     121    0.990000000000E+00
      60      50     122    0.990000000000E+00
      60      50     123    0.990000000000E+00
      60      50     124    0.990000000000E+00
      60      50     125    0.990000000000E+00
      60      50     126    0.990000000000E+00
      60      50     127    0.990000000000E+00
      60      50     128    0.990000000000E+00
      60      50     129    0.990000000000E+00
      60      50     130    0.990000000000E+00
      60      50     131    0.990000000000E+00
      60      50     132    0.990000000000E+00
      60      50     133    0.990000000000E+00
      60      50     134    0.990000000000E+00
      60      50     135    0.990000000000E+00
      60      50     136    0.990000000000E+00
      60      50     137    0.990000000000E+00
      60      50     138    0.990000000000E+00
      60      50     139    0.990000000000E+00
      60      50     140    0.990000000000E+00
      60      50     141    0.990000000000E+00
      60      50     142    0.990000000000E+00
      60      50     143    0.990000000000E+00
      60      50     144    0.990000000000E+00
      60      50     145    0.990000000000E+00
      60      50     146    0.990000000000E+00
      60      50     147    0.990000000000E+00
      60      50     148    0.990000000000E+00
      60      50     149    0.990000000000E+00
      60      50     150    0.990000000000E+00
      60      50     151    0.990000000000E+00
      60      50     152    0.990000000000E+00
      60      50     153    0.990000000000E+00
      60      50     154    0.990000000000E+00
      60      50     155    0.990000000000E+00
      60      50     156    0.990000000000E+00
      60      50     157    0.990000000000E+00
      60      50     158    0.990000000000E+00
      60      50     159    0.990000000000E+00
      60      50     160    0.990000000000E+00
      60      50     161    0.990000000000E+00
      60      50     162    0.990000000000E+00
      60      50     163    0.990000000000E+00
      60      50     164    0.990000000000E+00
      60      50     165    0.990000000000E+00
      60      50     166    0.990000000000E+00
      60      50     167    0.990000000000E+00
      60      50     168    0.990000000000E+00
      60      50     169    0.990000000000E+00
      60      50     170    0.990000000000E+00
      60      50     171    0.990000000000E+00
      60      50     172    0.990000000000E+00
      60      50     173    0.990000000000E+00
      60      50     174    0.990000000000E+00
      60      50     175    0.990000000000E+00
      60      50     176    0.990000000000E+00
      60      50     177    0.990000000000E+00
      60      50     178    0.990000000000E+00
      60      50     179    0.990000000000E+00
      60      50     180    0.990000000000E+00
      60      50     181    0.990000000000E+00
      60      50     182    0.990000000000E+00
      60      50     183    0.990000000000E+00
      60      50     184    0.990000000000E+00
      60      50     185    0.990000000000E+00
      60      50     186    0.990000000000E+00
      60      50     187    0.990000000000E+00
      60      50     188    0.990000000000E+00
      60      50     189    0.990000000000E+00
      60      50     190    0.990000000000E+00
      60      50     191    0.990000000000E+00
      60      50     192    0.990000000000E+00
      60      50     193    0.990000000000E+00
      60      50     194    0.990000000000E+00
      60      50     195    0.990000000000E+00
      60      50     196    0.990000000000E+00
      60      50     197    0.990000000000E+00
      60      50     198    0.990000000000E+00
      60      50     199    0.990000000000E+00
      60      50     200    0.990000000000E+00
      60      50     201    0.990000000000E+00
      60      50     202    0.990000000000E+00
      60      50     203    0.990000000000E+00
      60      50     204    0.990000000000E+00
      60      50     205    0.990000000000E+00
      60      50     206    0.990000000000E+00
      60      50     207    0.990000000000E+00
      60      50     208    0.990000000000E+00
      60      50     209    0.990000000000E+00
      60      50     210    0.990000000000E+00
      60      50     211    0.990000000000E+00
      60      50     212    0.990000000000E+00
      60      50     213    0.990000000000E+00
      60      50     214    0.990000000000E+00
      60      50     215    0.990000000000E+00
      60      50     216    0.990000000000E+00
      60      50     217    0.990000000000E+00
      60      50     218    0.990000000000E+00
      60      50     219    0.990000000000E+00
      60      50     220    0.990000000000E+00
      60      50     221    0.990000000000E+00
      60      50     222    0.990000000000E+00
      60      50     223    0.990000000000E+00
      60      50     224    0.990000000000E+00
      60      50     225    0.990000000000E+00
      60      50     226    0.990000000000E+00
      60      50     227    0.990000000000E+00
      60      50     228    0.990000000000E+00
      60      50     229    0.990000000000E+00
      60      50     230    0.990000000000E+00
      60      50     231    0.990000000000E+00
      60      50     232    0.990000000000E+00
      60      50     233    0.990000000000E+00
      60      50     234    0.990000000000E+00
      60      50     235    0.990000000000E+00
      60      50     236    0.990000000000E+00
      60      50     237    0.990000000000E+00
      60      50     238    0.990000000000E+00
      60      50     239    0.990000000000E+00
      60      50     240    0.990000000000E+00
      60      50     241    0.990000000000E+00
      60      50     242    0.990000000000E+00
      60      50     243    0.990000000000E+00
      60      50     244    0.990000000000E+00
      60      50     245    0.990000000000E+00
      60      50     246    0.990000000000E+00
      60      50     247    0.990000000000E+00
      60      50     248    0.990000000000E+00
      60      50     249    0.990000000000E+00
      60      50     250    0.990000000000E+00
      60      50     251    0.990000000000E+00
      60      50     252    0.990000000000E+00
      60      50     253    0.990000000000E+00
      60      50     254    0.990000000000E+00
      60      50     255    0.990000000000E+00
      60      50     256    0.990000000000E+00
      60      50     257    0.990000000000E+00
      60      50     258    0.990000000000E+00
      60      50     259    0.990000000000E+00
      60      50     260    0.990000000000E+00
      60      50     261    0.990000000000E+00
      60      50     262    0.990000000000E+00
      60      50     263    0.990000000000E+00
      60      50     264    0.990000000000E+00
      60      50     265    0.990000000000E+00
      60      50     266    0.990000000000E+00
      60      50     267    0.990000000000E+00
      60      50     268    0.990000000000E+00
      60      50     269    0.990000000000E+00
      60      50     270    0.990000000000E+00
      60      50     271    0.990000000000E+00
      60      50     272    0.990000000000E+00
      60      50     273    0.990000000000E+00
      60      50     274    0.990000000000E+00
      60      50     275    0.990000000000E+00
      60      50     276    0.990000000000E+00
      60      50     277    0.990000000000E+00
      60      50     278    0.990000000000E+00
      60      50     279    0.990000000000E+00
      60      50     280    0.990000000000E+00
      60      50     281    0.990000000000E+00
      60      50     282    0.990000000000E+00
      60      50     283    0.990000000000E+00
      60      50     284    0.990000000000E+00
      60      50     285    0.990000000000E+00
      60      50     286    0.990000000000E+00
      60      50     287    0.990000000000E+00
      60      50     288    0.990000000000E+00
      60      50     289    0.990000000000E+00
      60      50     290    0.990000000000E+00
      60      50     291    0.990000000000E+00
      60      50     292    0.990000000000E+00
      60      50     293    0.990000000000E+00
      60      50     294    0.990000000000E+00
      60      50     295    0.990000000000E+00
      60      50     296    0.990000000000E+00
      60      50     297    0.990000000000E+00
      60      50     298    0.990000000000E+00
      60      50     299    0.990000000000E+00
      60      50     300    0.990000000000E+00
      60      50     301    0.990000000000E+00
      60      50     302    0.990000000000E+00
      60      50     303    0.990000000000E+00
      60      50     304    0.990000000000E+00
      60      50     305    0.990000000000E+00
      60      50     306    0.990000000000E+00
      60      50     307    0.990000000000E+00
      60      50     308    0.990000000000E+00
      60      50     309    0.990000000000E+00
      60      50     310    0.990000000000E+00
      60      50     311    0.990000000000E+00
      60      50     312    0.990000000000E+00
      60      50     313    0.990000000000E+00
      60      50     314    0.990000000000E+00
      60      50     315    0.990000000000E+00
      60      50     316    0.990000000000E+00
      60      50     317    0.990000000000E+00
      60      50     318    0.990000000000E+00
      60      50     319    0.990000000000E+00
      60      50     320    0.990000000000E+00
      60      50     321    0.990000000000E+00
      60      50     322    0.990000000000E+00
      60      50     323    0.990000000000E+00
      60      50     324    0.990000000000E+00
      60      50     325    0.990000000000E+00
      60      50     326    0.990000000000E+00
      60      50     327    0.990000000000E+00
      60      50     328    0.990000000000E+00
      60      50     329    0.990000000000E+00
      60      50     330    0.990000000000E+00
      60      50     331    0.990000000000E+00
      60      50     332    0.990000000000E+00
      60      50     333    0.990000000000E+00
      60      50     334    0.990000000000E+00
      60      50     335    0.990000000000E+00
      60      50     336    0.990000000000E+00
      60      50     337    0.990000000000E+00
      60      50     338    0.990000000000E+00
      60      50     339    0.990000000000E+00
      60      50     340    0.990000000000E+00
      60      50     341    0.990000000000E+00
      60      50     342    0.990000000000E+00
      60      50     343    0.990000000000E+00
      60      50     344    0.990000000000E+00
      60      50     345    0.990000000000E+00
      60      50     346    0.990000000000E+00
      60      50     347    0.990000000000E+00
      60      50     348    0.990000000000E+00
      60      50     349    0.990000000000E+00
      60      50     350    0.990000000000E+00
      60      50     351    0.990000000000E+00
      60      50     352    0.990000000000E+00
      60      50     353    0.990000000000E+00
      60      50     354    0.990000000000E+00
      60      50     355    0.990000000000E+00
      60      50     356    0.990000000000E+00
      60      50     357    0.990000000000E+00
      60      50     358    0.990000000000E+00
      60      50     359    0.990000000000E+00
      60      50     360    0.990000000000E+00
      60      50     361    0.990000000000E+00
      60      50     362    0.990000000000E+00
      60      50     363    0.990000000000E+00
      60      50     364    0.990000000000E+00
      60      50     365    0.990000000000E+00
      60      50     366    0.990000000000E+00
      60      50     367    0.990000000000E+00
      60      50     368    0.990000000000E+00
      60      50     369    0.990000000000E+00
      60      50     370    0.990000000000E+00
      60      50     371    0.990000000000E+00
      60      50     372    0.990000000000E+00
      60      50     373    0.990000000000E+00
      60      50     374    0.990000000000E+00
      60      50     375    0.990000000000E+00
      60      50     376    0.990000000000E+00
      60      50     377    0.990000000000E+00
      60      50     378    0.990000000000E+00
      60      50     379    0.990000000000E+00
      60      50     380    0.990000000000E+00
      60      50     381    0.990000000000E+00
      60      50     382    0.990000000000E+00
      60      50     383    0.990000000000E+00
      60      50     384    0.990000000000E+00
      60      50     385    0.990000000000E+00
      60      50     386    0.990000000000E+00
      60      50     387    0.990000000000E+00
      60      50     388    0.990000000000E+00
      60      50     389    0.990000000000E+00
      60      50     390    0.990000000000E+00
      60      50     391    0.990000000000E+00
      60      50     392    0.990000000000E+00
      60      50     393    0.990000000000E+00
      60      50     394    0.990000000000E+00
      60      50     395    0.990000000000E+00
      60      50     396    0.990000000000E+00
      60      50     397    0.990000000000E+00
      60      50     398    0.990000000000E+00
      60      50     399    0.990000000000E+00
      60      50     400    0.990000000000E+00
      60      50     401    0.990000000000E+00
