     1     0.100000000000E-05
     2     0.100000000000E-05
     3     0.733216244409E-01
     4     0.199181053511E+00
     5     0.234415377688E+00
     6     0.246748719005E+00
     7     0.236881585730E+00
     8     0.156470323377E+00
     9     0.100000000000E-05
    10     0.100000000000E-05
    11     0.100000000000E-05
    12     0.100000000000E-05
    13     0.100000000000E-05
    14     0.100000000000E-05
    15     0.100000000000E-05
    16     0.100000000000E-05
    17     0.100000000000E-05
    18     0.100000000000E-05
    19     0.100000000000E-05
    20     0.100000000000E-05
    21     0.100000000000E-05
    22     0.100000000000E-05
    23     0.100000000000E-05
    24     0.100000000000E-05
    25     0.100000000000E-05
    26     0.100000000000E-05
    27     0.100000000000E-05
    28     0.100000000000E-05
    29     0.100000000000E-05
    30     0.100000000000E-05
    31     0.100000000000E-05
    32     0.100000000000E-05
    33     0.100000000000E-05
    34     0.100000000000E-05
    35     0.100000000000E-05
    36     0.100000000000E-05
    37     0.100000000000E-05
    38     0.100000000000E-05
    39     0.100000000000E-05
    40     0.100000000000E-05
    41     0.100000000000E-05
    42     0.100000000000E-05
    43     0.100000000000E-05
    44     0.100000000000E-05
    45     0.100000000000E-05
    46     0.100000000000E-05
    47     0.100000000000E-05
    48     0.100000000000E-05
    49     0.100000000000E-05
    50     0.100000000000E-05
    51     0.100000000000E-05
    52     0.100000000000E-05
    53     0.100000000000E-05
    54     0.100000000000E-05
    55     0.100000000000E-05
    56     0.100000000000E-05
    57     0.100000000000E-05
    58     0.100000000000E-05
    59     0.100000000000E-05
    60     0.100000000000E-11
    61     0.100000000000E-11
    62     0.100000000000E-11
    63     0.100000000000E-11
    64     0.100000000000E-11
    65     0.100000000000E-11
    66     0.100000000000E-11
    67     0.100000000000E-11
    68     0.100000000000E-11
    69     0.100000000000E-11
    70     0.100000000000E-11
    71     0.100000000000E-11
    72     0.100000000000E-11
    73     0.100000000000E-11
    74     0.100000000000E-11
    75     0.100000000000E-11
    76     0.100000000000E-11
    77     0.100000000000E-11
    78     0.100000000000E-11
    79     0.100000000000E-11
    80     0.100000000000E-11
    81     0.100000000000E-11
    82     0.100000000000E-11
    83     0.100000000000E-11
    84     0.100000000000E-11
    85     0.100000000000E-11
    86     0.100000000000E-11
    87     0.100000000000E-11
    88     0.100000000000E-11
    89     0.100000000000E-11
    90     0.100000000000E-11
    91     0.100000000000E-11
    92     0.100000000000E-11
    93     0.100000000000E-11
    94     0.100000000000E-11
    95     0.100000000000E-11
    96     0.100000000000E-11
