     1     0.156260295834E+24
     2     0.170798524850E+24
     3     0.186037092522E+24
     4     0.201935417472E+24
     5     0.218491789428E+24
     6     0.235619380118E+24
     7     0.253225503119E+24
     8     0.271190604543E+24
     9     0.289428860736E+24
    10     0.307827251703E+24
    11     0.326310220119E+24
    12     0.344798043330E+24
    13     0.363263259422E+24
    14     0.381723279399E+24
    15     0.400242914256E+24
    16     0.418954190781E+24
    17     0.438084815202E+24
    18     0.457957930350E+24
    19     0.479039447201E+24
    20     0.501965757725E+24
    21     0.527609788100E+24
    22     0.557526932641E+24
    23     0.594276442825E+24
    24     0.641647520759E+24
    25     0.703311000227E+24
    26     0.769489519958E+24
    27     0.813607154176E+24
    28     0.802271494128E+24
    29     0.747413051192E+24
    30     0.683150941167E+24
    31     0.627260995726E+24
    32     0.577527328030E+24
    33     0.531356846532E+24
    34     0.486965205210E+24
    35     0.443239241420E+24
    36     0.400083341531E+24
    37     0.359054530509E+24
    38     0.321395268445E+24
    39     0.287740648623E+24
    40     0.258284355432E+24
    41     0.232915927773E+24
    42     0.211289594044E+24
    43     0.192694194388E+24
    44     0.176501089903E+24
    45     0.162233383163E+24
    46     0.149522028282E+24
    47     0.138081459666E+24
    48     0.127724849694E+24
    49     0.118336852698E+24
    50     0.109818463068E+24
    51     0.102080057184E+24
    52     0.950406074796E+23
    53     0.886305239109E+23
    54     0.827875608452E+23
    55     0.774550842715E+23
    56     0.725817831602E+23
    57     0.681218756371E+23
    58     0.640346668825E+23
    59     0.602826350844E+23
    60     0.568335542326E+23
    61     0.536564700943E+23
    62     0.507250946899E+23
    63     0.480156856405E+23
    64     0.455061960971E+23
    65     0.431766980959E+23
    66     0.410093832251E+23
    67     0.389879270626E+23
    68     0.370970652213E+23
    69     0.353223813811E+23
    70     0.336513673208E+23
    71     0.320802070019E+23
    72     0.306120805113E+23
    73     0.292478358862E+23
    74     0.279859891108E+23
    75     0.268233601269E+23
    76     0.257530800097E+23
    77     0.247634249477E+23
    78     0.237874865333E+23
    79     0.226982744745E+23
    80     0.213626291678E+23
    81     0.196193005030E+23
    82     0.173922215071E+23
    83     0.148967456675E+23
    84     0.124082235536E+23
    85     0.101261931630E+23
    86     0.814781583359E+22
    87     0.645835305089E+22
    88     0.502716393949E+22
    89     0.383704226519E+22
    90     0.287347000232E+22
    91     0.211337265867E+22
    92     0.152833112189E+22
    93     0.108824297099E+22
    94     0.764122424771E+21
    95     0.529962326973E+21
    96     0.109643806009E+22
    97                    NaN
