     1     0.273142384694E+03
     2     0.272722708130E+03
     3     0.272253276829E+03
     4     0.271668526699E+03
     5     0.271073950249E+03
     6     0.270431920516E+03
     7     0.269657701454E+03
     8     0.269179951854E+03
     9     0.269439158625E+03
    10     0.268893259548E+03
    11     0.268242835197E+03
    12     0.267454701122E+03
    13     0.266445444700E+03
    14     0.265277905010E+03
    15     0.264035973292E+03
    16     0.262707085186E+03
    17     0.261243817878E+03
    18     0.259622385259E+03
    19     0.257803636481E+03
    20     0.255765813332E+03
    21     0.253551037134E+03
    22     0.251176887088E+03
    23     0.248627250661E+03
    24     0.245913537975E+03
    25     0.243168163119E+03
    26     0.240160893973E+03
    27     0.236644737965E+03
    28     0.233523629483E+03
    29     0.231161302252E+03
    30     0.229176225776E+03
    31     0.227438962906E+03
    32     0.225972169495E+03
    33     0.224591775229E+03
    34     0.223258777579E+03
    35     0.222085252816E+03
    36     0.221026933708E+03
    37     0.220021972390E+03
    38     0.218993956526E+03
    39     0.217893895877E+03
    40     0.216715055274E+03
    41     0.215480833766E+03
    42     0.214253417200E+03
    43     0.213054795359E+03
    44     0.211946771234E+03
    45     0.210931155893E+03
    46     0.209988498895E+03
    47     0.209181745027E+03
    48     0.208561194163E+03
    49     0.208108138896E+03
    50     0.207766285329E+03
    51     0.207502522041E+03
    52     0.207348180297E+03
    53     0.207357742089E+03
    54     0.207534467592E+03
    55     0.207831835944E+03
    56     0.208195335051E+03
    57     0.208625226222E+03
    58     0.209151920029E+03
    59     0.209809785606E+03
    60     0.210659233567E+03
    61     0.211764592542E+03
    62     0.213137205950E+03
    63     0.214692023028E+03
    64     0.216296775574E+03
    65     0.217878112811E+03
    66     0.219484831951E+03
    67     0.221184650174E+03
    68     0.223037214991E+03
    69     0.225059071480E+03
    70     0.227209623126E+03
    71     0.229415525628E+03
    72     0.231592556149E+03
    73     0.233619915405E+03
    74     0.235622385218E+03
    75     0.237984332416E+03
    76     0.240954825768E+03
    77     0.244383433107E+03
    78     0.248128010006E+03
    79     0.252023488199E+03
    80     0.256031554357E+03
    81     0.260896191023E+03
    82     0.266843865428E+03
    83     0.271969484255E+03
    84     0.273692711388E+03
    85     0.273458627938E+03
    86     0.273501380565E+03
    87     0.271815360246E+03
    88     0.266750927414E+03
    89     0.259786260709E+03
    90     0.251825683095E+03
    91     0.243030953681E+03
    92     0.233931976046E+03
    93     0.224323613282E+03
    94     0.215265173441E+03
    95     0.208106674698E+03
    96     0.201426801844E+03
    97                    NaN
