     1     0.457189333364E-06
     2     0.487066088833E-06
     3     0.528094162052E-06
     4     0.571635111364E-06
     5     0.617794072877E-06
     6     0.666536118095E-06
     7     0.717977709212E-06
     8     0.772909350860E-06
     9     0.831252460249E-06
    10     0.891687359665E-06
    11     0.954049869975E-06
    12     0.101878963359E-05
    13     0.108598804307E-05
    14     0.115614600592E-05
    15     0.123009390045E-05
    16     0.130874384672E-05
    17     0.229067074751E-06
    18     0.205769178495E-06
    19     0.184570909848E-06
    20     0.166255907360E-06
    21     0.151632906024E-06
    22     0.141645255183E-06
    23     0.137488778456E-06
    24     0.140884684299E-06
    25     0.154440747562E-06
    26     0.180088663078E-06
    27     0.215528118198E-06
    28     0.249466480047E-06
    29     0.273118773327E-06
    30     0.287627827006E-06
    31     0.297146235236E-06
    32     0.301982418937E-06
    33     0.302148860342E-06
    34     0.297728401026E-06
    35     0.288934588356E-06
    36     0.276408219069E-06
    37     0.261695451680E-06
    38     0.246230639772E-06
    39     0.342842163305E-05
    40     0.313980683270E-05
    41     0.287872555965E-05
    42     0.264774124079E-05
    43     0.244289819356E-05
    44     0.225969504624E-05
    45     0.209447346976E-05
    46     0.194422851558E-05
    47     0.180653387578E-05
    48     0.167990558395E-05
    49     0.156356162869E-05
    50     0.145676580692E-05
    51     0.135877667327E-05
    52     0.126889536884E-05
    53     0.118643868724E-05
    54     0.111077424023E-05
    55     0.104131765330E-05
    56     0.977517805775E-06
    57     0.918868019447E-06
    58     0.864906889768E-06
    59     0.815197578280E-06
    60     0.769360388322E-06
    61     0.727021377482E-06
    62     0.687860643366E-06
    63     0.651585558358E-06
    64     0.617920729918E-06
    65     0.586614907598E-06
    66     0.557441920635E-06
    67     0.530192778355E-06
    68     0.504670484150E-06
    69     0.480687610279E-06
    70     0.458081098941E-06
    71     0.436804968032E-06
    72     0.416907582317E-06
    73     0.398404818172E-06
    74     0.381280118731E-06
    75     0.365493222567E-06
    76     0.350953074964E-06
    77     0.337501986612E-06
    78     0.324229647388E-06
    79     0.309406148291E-06
    80     0.291216894899E-06
    81     0.267464058803E-06
    82     0.237111068216E-06
    83     0.203094711817E-06
    84     0.169170182921E-06
    85     0.138059063949E-06
    86     0.111086871190E-06
    87     0.880531753995E-07
    88     0.685405042243E-07
    89     0.523144189693E-07
    90     0.391770574931E-07
    91     0.288138580252E-07
    92     0.208373694133E-07
    93     0.148371803849E-07
    94     0.104180994773E-07
    95     0.722554460274E-08
    96     0.149489129744E-07
    97     0.000000000000E+00
