     1     0.234893138308E-06
     2     0.250240003390E-06
     3     0.271314992772E-06
     4     0.293680777281E-06
     5     0.317391362435E-06
     6     0.342428806430E-06
     7     0.368852932681E-06
     8     0.397069801611E-06
     9     0.427039047408E-06
    10     0.458082788037E-06
    11     0.490116689205E-06
    12     0.523371719815E-06
    13     0.557889688980E-06
    14     0.593927899069E-06
    15     0.631912892508E-06
    16     0.672313200208E-06
    17     0.168016118740E-06
    18     0.149016348953E-06
    19     0.131728855706E-06
    20     0.116792707519E-06
    21     0.104867439420E-06
    22     0.967223663794E-07
    23     0.933326997731E-07
    24     0.961021098745E-07
    25     0.107157274615E-06
    26     0.128073518940E-06
    27     0.156974904767E-06
    28     0.184652127423E-06
    29     0.203940913085E-06
    30     0.215773255229E-06
    31     0.223535654166E-06
    32     0.227479631594E-06
    33     0.227615366956E-06
    34     0.224010418748E-06
    35     0.216838937922E-06
    36     0.206623503442E-06
    37     0.194625029835E-06
    38     0.182013253096E-06
    39     0.176369978229E-05
    40     0.161522625276E-05
    41     0.148091693095E-05
    42     0.136209053312E-05
    43     0.125671211807E-05
    44     0.116246602304E-05
    45     0.107747027583E-05
    46     0.100017902600E-05
    47     0.929344096035E-06
    48     0.864202081827E-06
    49     0.804350689402E-06
    50     0.749411190194E-06
    51     0.699002158814E-06
    52     0.652764077845E-06
    53     0.610345482076E-06
    54     0.571421048907E-06
    55     0.535690155701E-06
    56     0.502869286731E-06
    57     0.472697789042E-06
    58     0.444938300025E-06
    59     0.419366094727E-06
    60     0.395785843929E-06
    61     0.374005178599E-06
    62     0.353859529776E-06
    63     0.335198359600E-06
    64     0.317879996532E-06
    65     0.301775188571E-06
    66     0.286767585580E-06
    67     0.272749675459E-06
    68     0.259620116277E-06
    69     0.247282488660E-06
    70     0.235652909981E-06
    71     0.224707725442E-06
    72     0.214471815566E-06
    73     0.204953347715E-06
    74     0.196143804459E-06
    75     0.188022473914E-06
    76     0.180542514357E-06
    77     0.173622804899E-06
    78     0.166795050234E-06
    79     0.159169324776E-06
    80     0.149812137801E-06
    81     0.137592849646E-06
    82     0.121978211594E-06
    83     0.104479010272E-06
    84     0.870270482223E-07
    85     0.710224024614E-07
    86     0.571469648432E-07
    87     0.452976275684E-07
    88     0.352596282827E-07
    89     0.269123635369E-07
    90     0.201540461374E-07
    91     0.148228545275E-07
    92     0.107194703076E-07
    93     0.763276359074E-08
    94     0.535943409137E-08
    95     0.371707240432E-08
    96     0.769024273561E-08
    97     0.000000000000E+00
