     1     0.000000000000E+00
     2     0.000000000000E+00
     3     0.202610453535E+01
     4     0.214622149759E+01
     5     0.225078112870E+01
     6     0.242446079142E+01
     7     0.252306449595E+01
     8     0.271588009782E+01
     9     0.000000000000E+00
    10     0.000000000000E+00
    11     0.000000000000E+00
    12     0.000000000000E+00
    13     0.000000000000E+00
    14     0.000000000000E+00
    15     0.000000000000E+00
    16     0.000000000000E+00
    17     0.000000000000E+00
    18     0.000000000000E+00
    19     0.000000000000E+00
    20     0.000000000000E+00
    21     0.000000000000E+00
    22     0.000000000000E+00
    23     0.000000000000E+00
    24     0.000000000000E+00
    25     0.000000000000E+00
    26     0.000000000000E+00
    27     0.000000000000E+00
    28     0.000000000000E+00
    29     0.000000000000E+00
    30     0.000000000000E+00
    31     0.000000000000E+00
    32     0.000000000000E+00
    33     0.000000000000E+00
    34     0.000000000000E+00
    35     0.000000000000E+00
    36     0.000000000000E+00
    37     0.000000000000E+00
    38     0.000000000000E+00
    39     0.000000000000E+00
    40     0.000000000000E+00
    41     0.000000000000E+00
    42     0.000000000000E+00
    43     0.000000000000E+00
    44     0.000000000000E+00
    45     0.000000000000E+00
    46     0.000000000000E+00
    47     0.000000000000E+00
    48     0.000000000000E+00
    49     0.000000000000E+00
    50     0.000000000000E+00
    51     0.000000000000E+00
    52     0.000000000000E+00
    53     0.000000000000E+00
    54     0.000000000000E+00
    55     0.000000000000E+00
    56     0.000000000000E+00
    57     0.000000000000E+00
    58     0.000000000000E+00
    59     0.000000000000E+00
    60     0.000000000000E+00
    61     0.000000000000E+00
    62     0.000000000000E+00
    63     0.000000000000E+00
    64     0.000000000000E+00
    65     0.000000000000E+00
    66     0.000000000000E+00
    67     0.000000000000E+00
    68     0.000000000000E+00
    69     0.000000000000E+00
    70     0.000000000000E+00
    71     0.000000000000E+00
    72     0.000000000000E+00
    73     0.000000000000E+00
    74     0.000000000000E+00
    75     0.000000000000E+00
    76     0.000000000000E+00
    77     0.000000000000E+00
    78     0.000000000000E+00
    79     0.000000000000E+00
    80     0.000000000000E+00
    81     0.000000000000E+00
    82     0.000000000000E+00
    83     0.000000000000E+00
    84     0.000000000000E+00
    85     0.000000000000E+00
    86     0.000000000000E+00
    87     0.000000000000E+00
    88     0.000000000000E+00
    89     0.000000000000E+00
    90     0.000000000000E+00
    91     0.000000000000E+00
    92     0.000000000000E+00
    93     0.000000000000E+00
    94     0.000000000000E+00
    95     0.000000000000E+00
    96     0.000000000000E+00
    97     0.000000000000E+00
