     1     0.353191751203E-06
     2     0.377491487921E-06
     3     0.410860953970E-06
     4     0.446274223856E-06
     5     0.483816808195E-06
     6     0.523460298505E-06
     7     0.565299417274E-06
     8     0.609977107626E-06
     9     0.657429455621E-06
    10     0.706583124463E-06
    11     0.757304581926E-06
    12     0.809959536801E-06
    13     0.864614188306E-06
    14     0.921675940804E-06
    15     0.981820167972E-06
    16     0.104578872671E-05
    17     0.183867527761E-06
    18     0.162651759039E-06
    19     0.143347974698E-06
    20     0.126669779695E-06
    21     0.113353632565E-06
    22     0.104258575740E-06
    23     0.100473562366E-06
    24     0.103565976898E-06
    25     0.115910537961E-06
    26     0.139266305273E-06
    27     0.171538544586E-06
    28     0.202443842982E-06
    29     0.223982336349E-06
    30     0.237194719298E-06
    31     0.245862469613E-06
    32     0.250266444708E-06
    33     0.250418011284E-06
    34     0.246392607382E-06
    35     0.238384695692E-06
    36     0.226977805095E-06
    37     0.213579914283E-06
    38     0.199497188995E-06
    39     0.176369978229E-05
    40     0.161522625276E-05
    41     0.148091693095E-05
    42     0.136209053312E-05
    43     0.125671211807E-05
    44     0.116246602304E-05
    45     0.107747027583E-05
    46     0.100017902600E-05
    47     0.929344096035E-06
    48     0.864202081828E-06
    49     0.804350689402E-06
    50     0.749411190194E-06
    51     0.699002158814E-06
    52     0.652764077846E-06
    53     0.610345482076E-06
    54     0.571421048907E-06
    55     0.535690155702E-06
    56     0.502869286731E-06
    57     0.472697789042E-06
    58     0.444938300026E-06
    59     0.419366094727E-06
    60     0.395785843929E-06
    61     0.374005178599E-06
    62     0.353859529777E-06
    63     0.335198359600E-06
    64     0.317879996533E-06
    65     0.301775188571E-06
    66     0.286767585580E-06
    67     0.272749675460E-06
    68     0.259620116278E-06
    69     0.247282488660E-06
    70     0.235652909981E-06
    71     0.224707725443E-06
    72     0.214471815566E-06
    73     0.204953347715E-06
    74     0.196143804459E-06
    75     0.188022473915E-06
    76     0.180542514357E-06
    77     0.173622804900E-06
    78     0.166795050234E-06
    79     0.159169324776E-06
    80     0.149812137801E-06
    81     0.137592849646E-06
    82     0.121978211594E-06
    83     0.104479010272E-06
    84     0.870270482227E-07
    85     0.710224024618E-07
    86     0.571469648436E-07
    87     0.452976275688E-07
    88     0.352596282831E-07
    89     0.269123635373E-07
    90     0.201540461378E-07
    91     0.148228545279E-07
    92     0.107194703080E-07
    93     0.763276359114E-08
    94     0.535943409178E-08
    95     0.371707240473E-08
    96     0.769024273601E-08
    97     0.000000000000E+00
