     1     0.156197326924E+24
     2     0.170729697365E+24
     3     0.185962124232E+24
     4     0.201854042499E+24
     5     0.218403742581E+24
     6     0.235524431191E+24
     7     0.253123459313E+24
     8     0.271081321215E+24
     9     0.289312227806E+24
    10     0.307703204638E+24
    11     0.326178724830E+24
    12     0.344659097830E+24
    13     0.363116872719E+24
    14     0.381569453561E+24
    15     0.400081625228E+24
    16     0.418785361301E+24
    17     0.437908276247E+24
    18     0.457773382670E+24
    19     0.478846403788E+24
    20     0.501763475032E+24
    21     0.527397170783E+24
    22     0.557302258595E+24
    23     0.594036958570E+24
    24     0.641388945914E+24
    25     0.703027575009E+24
    26     0.769179424550E+24
    27     0.813279278465E+24
    28     0.801948183949E+24
    29     0.747111843558E+24
    30     0.682875628546E+24
    31     0.627008199111E+24
    32     0.577294559787E+24
    33     0.531142677293E+24
    34     0.486768921821E+24
    35     0.443060562237E+24
    36     0.399922042197E+24
    37     0.358909772083E+24
    38     0.321265667386E+24
    39     0.287624605048E+24
    40     0.258180190559E+24
    41     0.232821976835E+24
    42     0.211204334074E+24
    43     0.192616409560E+24
    44     0.176429838655E+24
    45     0.162167888811E+24
    46     0.149461663015E+24
    47     0.138025679961E+24
    48     0.127673219608E+24
    49     0.118288986221E+24
    50     0.109774013398E+24
    51     0.102038713049E+24
    52     0.950021031843E+23
    53     0.885946121669E+23
    54     0.827540124808E+23
    55     0.774236929761E+23
    56     0.725523633390E+23
    57     0.680942471504E+23
    58     0.640086737000E+23
    59     0.602581437534E+23
    60     0.568104440355E+23
    61     0.536346325788E+23
    62     0.507044318136E+23
    63     0.479961087705E+23
    64     0.454876290281E+23
    65     0.431590797485E+23
    66     0.409926475641E+23
    67     0.389720146959E+23
    68     0.370819229692E+23
    69     0.353079619329E+23
    70     0.336376209676E+23
    71     0.320670934174E+23
    72     0.305995580588E+23
    73     0.292358624819E+23
    74     0.279745231646E+23
    75     0.268123612228E+23
    76     0.257425104017E+23
    77     0.247532677185E+23
    78     0.237777370890E+23
    79     0.226889748605E+23
    80     0.213538716443E+23
    81     0.196112607218E+23
    82     0.173851091761E+23
    83     0.148906675204E+23
    84     0.124031661547E+23
    85     0.101220716047E+23
    86     0.814450590348E+22
    87     0.645573478409E+22
    88     0.502512917738E+22
    89     0.383549108293E+22
    90     0.287230942109E+22
    91     0.211251965790E+22
    92     0.152771456260E+22
    93     0.108780410893E+22
    94     0.763814350672E+21
    95     0.529748775408E+21
    96     0.109599625027E+22
    97                    NaN
