     1     0.939506941393E+21
     2     0.101691645229E+22
     3     0.108802928045E+22
     4     0.115193091309E+22
     5     0.119853889862E+22
     6     0.123886465959E+22
     7     0.125233829533E+22
     8     0.126167669303E+22
     9     0.122881391652E+22
    10     0.115737292246E+22
    11     0.104488107047E+22
    12     0.910205273067E+21
    13     0.761887325608E+21
    14     0.622752047627E+21
    15     0.505537281317E+21
    16     0.416784778192E+21
    17     0.356654416084E+21
    18     0.322628375167E+21
    19     0.319390319631E+21
    20     0.319463191677E+21
    21     0.304976897395E+21
    22     0.279239559837E+21
    23     0.268861706394E+21
    24     0.229514102613E+21
    25     0.149133854501E+21
    26     0.132933696656E+21
    27     0.862765065716E+20
    28     0.446608484012E+20
    29     0.223219333383E+20
    30     0.120429766872E+20
    31     0.708867663628E+19
    32     0.437699694579E+19
    33     0.295707126865E+19
    34     0.245190383909E+19
    35     0.232874386179E+19
    36     0.228188523789E+19
    37     0.220014340500E+19
    38     0.204120874421E+19
    39     0.175563106317E+19
    40     0.141990744675E+19
    41     0.118536400304E+19
    42     0.106179563401E+19
    43     0.969591880420E+18
    44     0.877135382800E+18
    45     0.784486702874E+18
    46     0.695648525646E+18
    47     0.624449542602E+18
    48     0.589400284626E+18
    49     0.594604075294E+18
    50     0.618886592470E+18
    51     0.617351779317E+18
    52     0.563395221465E+18
    53     0.453078555171E+18
    54     0.326892540017E+18
    55     0.231382157162E+18
    56     0.176303351844E+18
    57     0.143995129111E+18
    58     0.118470466140E+18
    59     0.950804398150E+17
    60     0.760857690949E+17
    61     0.641429887286E+17
    62     0.584270425371E+17
    63     0.556158692651E+17
    64     0.531940448703E+17
    65     0.505028563476E+17
    66     0.476674080305E+17
    67     0.448743007053E+17
    68     0.422859924650E+17
    69     0.399823008593E+17
    70     0.379419305808E+17
    71     0.361117296409E+17
    72     0.344479320737E+17
    73     0.329160391152E+17
    74     0.314969839562E+17
    75     0.301885410635E+17
    76     0.289839429490E+17
    77     0.278701204446E+17
    78     0.267717475327E+17
    79     0.255458882770E+17
    80     0.240426799551E+17
    81     0.220806449812E+17
    82     0.195740701552E+17
    83     0.167647105261E+17
    84     0.139629872542E+17
    85     0.113992023385E+17
    86     0.920847796287E+16
    87     0.738759027640E+16
    88     0.584163883250E+16
    89     0.455710765326E+16
    90     0.352351752535E+16
    91     0.270805827929E+16
    92     0.207781972581E+16
    93     0.159518359742E+16
    94     0.119867203076E+16
    95     0.876468061314E+15
    96     0.147386630942E+16
    97     0.000000000000E+00
