     1     0.268715766149E+18
     2     0.293716687386E+18
     3     0.319921958309E+18
     4     0.347261792440E+18
     5     0.375733248680E+18
     6     0.405187011262E+18
     7     0.435463690350E+18
     8     0.466357692997E+18
     9     0.497721431047E+18
    10     0.529360547677E+18
    11     0.561145109404E+18
    12     0.592938019767E+18
    13     0.624692053399E+18
    14     0.656437151441E+18
    15     0.688284767260E+18
    16     0.720461943042E+18
    17     0.753360257811E+18
    18     0.787535409817E+18
    19     0.823788611067E+18
    20     0.863214244205E+18
    21     0.907313452085E+18
    22     0.958760995898E+18
    23     0.102195793746E+19
    24     0.110342044483E+19
    25     0.120946113188E+19
    26     0.132326618733E+19
    27     0.139913385298E+19
    28     0.137964028580E+19
    29     0.128530199952E+19
    30     0.117479253173E+19
    31     0.107868040402E+19
    32     0.993155027611E+18
    33     0.913757147023E+18
    34     0.837418280232E+18
    35     0.762224157517E+18
    36     0.688010355216E+18
    37     0.617454438698E+18
    38     0.552693026311E+18
    39     0.494818267394E+18
    40     0.444163234709E+18
    41     0.400537971887E+18
    42     0.363347866711E+18
    43     0.331369960623E+18
    44     0.303523203679E+18
    45     0.278987490834E+18
    46     0.257128185836E+18
    47     0.237454210791E+18
    48     0.219644284292E+18
    49     0.203500050136E+18
    50     0.188851251581E+18
    51     0.175543765793E+18
    52     0.163438252294E+18
    53     0.152415039340E+18
    54     0.142367085134E+18
    55     0.133196998003E+18
    56     0.124816540032E+18
    57     0.117146981616E+18
    58     0.110118341192E+18
    59     0.103666093717E+18
    60     0.977348211652E+17
    61     0.922712925461E+17
    62     0.872303012728E+17
    63     0.825710183459E+17
    64     0.782555305139E+17
    65     0.742495683033E+17
    66     0.705225071654E+17
    67     0.670462745208E+17
    68     0.637946206975E+17
    69     0.607427544173E+17
    70     0.578691656975E+17
    71     0.551672922204E+17
    72     0.526426026784E+17
    73     0.502965554136E+17
    74     0.481265984121E+17
    75     0.461272630306E+17
    76     0.442867370023E+17
    77     0.425848592682E+17
    78     0.409065696084E+17
    79     0.390334869335E+17
    80     0.367366209896E+17
    81     0.337386751882E+17
    82     0.299088396216E+17
    83     0.256174507018E+17
    84     0.213380198786E+17
    85     0.174136861795E+17
    86     0.140115348078E+17
    87     0.111062204181E+17
    88     0.864505088989E+16
    89     0.659843721998E+16
    90     0.494141323014E+16
    91     0.363429846399E+16
    92     0.262822149514E+16
    93     0.187141616586E+16
    94     0.131403656769E+16
    95     0.911359036936E+15
    96     0.188550899498E+16
    97     0.000000000000E+00
