     1     0.141437444171E+10
     2     0.154596576783E+10
     3     0.168389613925E+10
     4     0.182779823771E+10
     5     0.197765658283E+10
     6     0.213268525720E+10
     7     0.229204531893E+10
     8     0.245465463796E+10
     9     0.261973639007E+10
    10     0.278626758607E+10
    11     0.295356432638E+10
    12     0.312090500940E+10
    13     0.328804106633E+10
    14     0.345513009116E+10
    15     0.362275871410E+10
    16     0.379212196243E+10
    17     0.396528089632E+10
    18     0.414516041077E+10
    19     0.433597765239E+10
    20     0.454349285948E+10
    21     0.477560723601E+10
    22     0.504639927810E+10
    23     0.537903379459E+10
    24     0.580780836940E+10
    25     0.636594918746E+10
    26     0.696495744095E+10
    27     0.736428379531E+10
    28     0.726168020195E+10
    29     0.676513449156E+10
    30     0.618347242888E+10
    31     0.567759017671E+10
    32     0.522743085693E+10
    33     0.480952336070E+10
    34     0.440771685844E+10
    35     0.401193566979E+10
    36     0.362131435753E+10
    37     0.324994617745E+10
    38     0.290907713280E+10
    39     0.260445570695E+10
    40     0.233783501476E+10
    41     0.210821522864E+10
    42     0.191246663153E+10
    43     0.174415223109E+10
    44     0.159758196515E+10
    45     0.146843924436E+10
    46     0.135338368679E+10
    47     0.124983052402E+10
    48     0.115608870452E+10
    49     0.107111418851E+10
    50     0.994010836615E+09
    51     0.923967429591E+09
    52     0.860250554541E+09
    53     0.802230324127E+09
    54     0.749343328234E+09
    55     0.701076949775E+09
    56     0.656966752096E+09
    57     0.616598345141E+09
    58     0.579603383820E+09
    59     0.545642243203E+09
    60     0.514423232781E+09
    61     0.485666173412E+09
    62     0.459133122076E+09
    63     0.434609177006E+09
    64     0.411894783354E+09
    65     0.390809565145E+09
    66     0.371192331324E+09
    67     0.352895323015E+09
    68     0.335780376144E+09
    69     0.319717002833E+09
    70     0.304591986167E+09
    71     0.290370785657E+09
    72     0.277082185540E+09
    73     0.264733861741E+09
    74     0.253312381838E+09
    75     0.242788961852E+09
    76     0.233101428400E+09
    77     0.224143664572E+09
    78     0.215310055608E+09
    79     0.205451161578E+09
    80     0.193361701649E+09
    81     0.177582136572E+09
    82     0.157423953750E+09
    83     0.134836403735E+09
    84     0.112311794673E+09
    85     0.916562247959E+08
    86     0.737491402362E+08
    87     0.584571368048E+08
    88     0.455028716819E+08
    89     0.347306043591E+08
    90     0.260089263790E+08
    91     0.191289812827E+08
    92     0.138335363167E+08
    93     0.985012242765E+07
    94     0.691637771557E+07
    95     0.479690100637E+07
    96     0.992429945714E+07
    97     0.000000000000E+00
