     1     0.381000761717E+16
     2     0.420398491905E+16
     3     0.462639622301E+16
     4     0.507813158417E+16
     5     0.556124043854E+16
     6     0.607579978613E+16
     7     0.656652396340E+16
     8     0.704972381716E+16
     9     0.754389511444E+16
    10     0.804651968269E+16
    11     0.855605606551E+16
    12     0.909729310323E+16
    13     0.973920444193E+16
    14     0.104087050919E+17
    15     0.111100960054E+17
    16     0.118500161400E+17
    17     0.126385819093E+17
    18     0.134898783829E+17
    19     0.144240192751E+17
    20     0.155461154795E+17
    21     0.169054084234E+17
    22     0.185174810662E+17
    23     0.205086764373E+17
    24     0.229182486333E+17
    25     0.259872659942E+17
    26     0.295356278345E+17
    27     0.326352107730E+17
    28     0.348074368737E+17
    29     0.374769209006E+17
    30     0.368868999909E+17
    31     0.417400241393E+17
    32     0.535534152958E+17
    33     0.589489614556E+17
    34     0.607157917834E+17
    35     0.758905833665E+17
    36     0.857157374886E+17
    37     0.773706531354E+17
    38     0.948068993242E+17
    39     0.984548070502E+17
    40     0.891688069001E+17
    41     0.974434444476E+17
    42     0.120809531076E+18
    43     0.138684970917E+18
    44     0.130117022290E+18
    45     0.122395490565E+18
    46     0.115351925004E+18
    47     0.139768446737E+18
    48     0.163346274172E+18
    49     0.182631656875E+18
    50     0.198310901058E+18
    51     0.210965938134E+18
    52     0.207673856592E+18
    53     0.198066431992E+18
    54     0.189109252030E+18
    55     0.180762162076E+18
    56     0.172985019029E+18
    57     0.178770674946E+18
    58     0.190407651317E+18
    59     0.200437722522E+18
    60     0.209111240139E+18
    61     0.216635985491E+18
    62     0.223194860300E+18
    63     0.228945086843E+18
    64     0.230343147123E+18
    65     0.220292953331E+18
    66     0.210926294282E+18
    67     0.202178046454E+18
    68     0.193986289464E+18
    69     0.186291359897E+18
    70     0.186531698405E+18
    71     0.186862147681E+18
    72     0.187311870568E+18
    73     0.187986243520E+18
    74     0.188989376730E+18
    75     0.190428672304E+18
    76     0.192402111443E+18
    77     0.178804873969E+18
    78     0.164274447386E+18
    79     0.153342232113E+18
    80     0.149450092902E+18
    81     0.134182201005E+18
    82     0.104133768930E+18
    83     0.755020723940E+17
    84     0.575040430830E+17
    85     0.412079187995E+17
    86     0.267669845971E+17
    87     0.158728593060E+17
    88     0.906593782949E+16
    89     0.504572601847E+16
    90     0.271623056152E+16
    91     0.141706217955E+16
    92     0.718127420052E+15
    93     0.354454854863E+15
    94     0.170899228473E+15
    95     0.319794105098E+13
    96     0.661621425727E+10
    97     0.000000000000E+00
