     1     0.484315205329E+17
     2     0.529375182552E+17
     3     0.576605798566E+17
     4     0.625881274921E+17
     5     0.677196310776E+17
     6     0.730281789447E+17
     7     0.784850437426E+17
     8     0.840531707824E+17
     9     0.897059597688E+17
    10     0.954083811366E+17
    11     0.101137016549E+18
    12     0.106867156664E+18
    13     0.112590289898E+18
    14     0.118311812642E+18
    15     0.124051812500E+18
    16     0.129851210026E+18
    17     0.135780580789E+18
    18     0.141940080099E+18
    19     0.148474113013E+18
    20     0.155579923693E+18
    21     0.163528068018E+18
    22     0.172800626939E+18
    23     0.184190818207E+18
    24     0.198873072079E+18
    25     0.217985131582E+18
    26     0.238496588572E+18
    27     0.252170465843E+18
    28     0.248657076536E+18
    29     0.231654178959E+18
    30     0.211736696501E+18
    31     0.194414093688E+18
    32     0.178999575654E+18
    33     0.164689436211E+18
    34     0.150930632820E+18
    35     0.137378150395E+18
    36     0.124002354320E+18
    37     0.111285830953E+18
    38     0.996136699972E+17
    39     0.891827130978E+17
    40     0.800529910473E+17
    41     0.721902673879E+17
    42     0.654873732174E+17
    43     0.597238907188E+17
    44     0.547049787284E+17
    45     0.502828270346E+17
    46     0.463430530719E+17
    47     0.427971482669E+17
    48     0.395872070220E+17
    49     0.366774789505E+17
    50     0.340372781236E+17
    51     0.316388264792E+17
    52     0.294570102279E+17
    53     0.274702605401E+17
    54     0.256592849229E+17
    55     0.240065301569E+17
    56     0.224960928345E+17
    57     0.211137832617E+17
    58     0.198469884329E+17
    59     0.186840787884E+17
    60     0.176150661566E+17
    61     0.166303565421E+17
    62     0.157218022140E+17
    63     0.148820444284E+17
    64     0.141042499561E+17
    65     0.133822422978E+17
    66     0.127105018911E+17
    67     0.120839691234E+17
    68     0.114979129304E+17
    69     0.109478650990E+17
    70     0.104299488149E+17
    71     0.994298133009E+16
    72     0.948794828476E+16
    73     0.906511252078E+16
    74     0.867401408029E+16
    75     0.831366733188E+16
    76     0.798194331208E+16
    77     0.767520832736E+16
    78     0.737272469833E+16
    79     0.703513288774E+16
    80     0.662116123391E+16
    81     0.608083166666E+16
    82     0.539056788891E+16
    83     0.461711684225E+16
    84     0.384582104240E+16
    85     0.313852555749E+16
    86     0.252534469960E+16
    87     0.200171039434E+16
    88     0.155812576866E+16
    89     0.118925789984E+16
    90     0.890607052004E+15
    91     0.655021486845E+15
    92     0.473692947500E+15
    93     0.337291450225E+15
    94     0.236833104068E+15
    95     0.164257216995E+15
    96     0.339831446863E+15
    97     0.000000000000E+00
