     1     0.626479530872E+20
     2     0.684766268685E+20
     3     0.745860807608E+20
     4     0.809600448591E+20
     5     0.875978334801E+20
     6     0.944646353910E+20
     7     0.101523290707E+21
     8     0.108725867825E+21
     9     0.116037958284E+21
    10     0.123414250055E+21
    11     0.130824450656E+21
    12     0.138236597645E+21
    13     0.145639680976E+21
    14     0.153040681079E+21
    15     0.160465582008E+21
    16     0.167967316007E+21
    17     0.175637175167E+21
    18     0.183604714066E+21
    19     0.192056725958E+21
    20     0.201248353419E+21
    21     0.211529570431E+21
    22     0.223523966434E+21
    23     0.238257597762E+21
    24     0.257249633149E+21
    25     0.281971785045E+21
    26     0.308504109058E+21
    27     0.326191772223E+21
    28     0.321647073936E+21
    29     0.299653200564E+21
    30     0.273889204454E+21
    31     0.251481780602E+21
    32     0.231542534589E+21
    33     0.213031842903E+21
    34     0.195234324678E+21
    35     0.177703690209E+21
    36     0.160401606034E+21
    37     0.143952315353E+21
    38     0.128853945863E+21
    39     0.115361119471E+21
    40     0.103551488213E+21
    41     0.933807659745E+20
    42     0.847103258371E+20
    43     0.772550492483E+20
    44     0.707629019966E+20
    45     0.650426861369E+20
    46     0.599464436140E+20
    47     0.553596853328E+20
    48     0.512075082730E+20
    49     0.474436679949E+20
    50     0.440284711204E+20
    51     0.409259857051E+20
    52     0.381037261383E+20
    53     0.355337923458E+20
    54     0.331912287785E+20
    55     0.310533297016E+20
    56     0.290995234722E+20
    57     0.273114551994E+20
    58     0.256728094965E+20
    59     0.241685431004E+20
    60     0.227857359436E+20
    61     0.215119778402E+20
    62     0.203367294009E+20
    63     0.192504718195E+20
    64     0.182443660627E+20
    65     0.173104226018E+20
    66     0.164415016797E+20
    67     0.156310585011E+20
    68     0.148729732607E+20
    69     0.141614661605E+20
    70     0.134915223984E+20
    71     0.128616120465E+20
    72     0.122730100665E+20
    73     0.117260564542E+20
    74     0.112201562371E+20
    75     0.107540344647E+20
    76     0.103249372445E+20
    77     0.992816426031E+19
    78     0.953689056102E+19
    79     0.910020313763E+19
    80     0.856471557781E+19
    81     0.786577940962E+19
    82     0.697289782568E+19
    83     0.597241044982E+19
    84     0.497471096499E+19
    85     0.405979824141E+19
    86     0.326662624937E+19
    87     0.258928601660E+19
    88     0.201549298855E+19
    89     0.153834883353E+19
    90     0.115203297768E+19
    91     0.847294384472E+18
    92     0.612739249691E+18
    93     0.436298896213E+18
    94     0.306352330670E+18
    95     0.212472751450E+18
    96     0.439584475283E+18
    97     0.000000000000E+00
