     1     0.756155334554E-06
     2     0.826506919177E-06
     3     0.900247495273E-06
     4     0.977180686506E-06
     5     0.105729821674E-05
     6     0.114017991742E-05
     7     0.122537727198E-05
     8     0.131231175016E-05
     9     0.140056804482E-05
    10     0.148959924371E-05
    11     0.157903971924E-05
    12     0.166850368749E-05
    13     0.175785825819E-05
    14     0.184718768450E-05
    15     0.193680559170E-05
    16     0.202735086736E-05
    17     0.211992539905E-05
    18     0.221609289927E-05
    19     0.231810794629E-05
    20     0.242905008877E-05
    21     0.255314348220E-05
    22     0.269791479674E-05
    23     0.287574844297E-05
    24     0.310498065510E-05
    25     0.340337487417E-05
    26     0.372361771296E-05
    27     0.393710626604E-05
    28     0.388225215374E-05
    29     0.361678801872E-05
    30     0.330581883076E-05
    31     0.303536317747E-05
    32     0.279469821563E-05
    33     0.257127578002E-05
    34     0.235646128594E-05
    35     0.214486805554E-05
    36     0.193603340727E-05
    37     0.173749190216E-05
    38     0.155525589810E-05
    39     0.139239865932E-05
    40     0.124985743915E-05
    41     0.112709770801E-05
    42     0.102244625111E-05
    43     0.932461712340E-06
    44     0.854102060745E-06
    45     0.785059553784E-06
    46     0.723548350625E-06
    47     0.668186577866E-06
    48     0.618070162579E-06
    49     0.572640938407E-06
    50     0.531419809736E-06
    51     0.493973081127E-06
    52     0.459908654091E-06
    53     0.428889777162E-06
    54     0.400615239038E-06
    55     0.374810983479E-06
    56     0.351228712547E-06
    57     0.329646884308E-06
    58     0.309868573467E-06
    59     0.291712209149E-06
    60     0.275021847266E-06
    61     0.259647697955E-06
    62     0.245462551705E-06
    63     0.232351517355E-06
    64     0.220207908544E-06
    65     0.208935292355E-06
    66     0.198447492544E-06
    67     0.188665514002E-06
    68     0.179515491211E-06
    69     0.170927662513E-06
    70     0.162841499684E-06
    71     0.155238536626E-06
    72     0.148134162020E-06
    73     0.141532479581E-06
    74     0.135426308046E-06
    75     0.129800258871E-06
    76     0.124621092816E-06
    77     0.119832077471E-06
    78     0.115109438017E-06
    79     0.109838658870E-06
    80     0.103375370686E-06
    81     0.949392720418E-07
    82     0.841622691302E-07
    83     0.720864736872E-07
    84     0.600443278459E-07
    85     0.490014109988E-07
    86     0.394278941726E-07
    87     0.312524565872E-07
    88     0.243268247396E-07
    89     0.185677363673E-07
    90     0.139049376512E-07
    91     0.102267693865E-07
    92     0.739570934903E-08
    93     0.526608965774E-08
    94     0.369764593532E-08
    95     0.256452759490E-08
    96     0.530574631082E-08
    97     0.000000000000E+00
