     1     0.437444917755E-06
     2     0.478144152083E-06
     3     0.520803958569E-06
     4     0.565310731151E-06
     5     0.611659681983E-06
     6     0.659607738530E-06
     7     0.708895428580E-06
     8     0.759188065446E-06
     9     0.810245388982E-06
    10     0.861751003896E-06
    11     0.913493390246E-06
    12     0.965249367418E-06
    13     0.101694205680E-05
    14     0.106862019984E-05
    15     0.112046523254E-05
    16     0.117284675900E-05
    17     0.122640223438E-05
    18     0.128203628508E-05
    19     0.134105321165E-05
    20     0.140523456987E-05
    21     0.147702408427E-05
    22     0.156077602371E-05
    23     0.166365491802E-05
    24     0.179626849833E-05
    25     0.196889312802E-05
    26     0.215415744591E-05
    27     0.227766313089E-05
    28     0.224592936992E-05
    29     0.209235518826E-05
    30     0.191245578845E-05
    31     0.175599395369E-05
    32     0.161676639074E-05
    33     0.148751383574E-05
    34     0.136324107801E-05
    35     0.124083185990E-05
    36     0.112001851460E-05
    37     0.100515987590E-05
    38     0.899734164852E-06
    39     0.805519301624E-06
    40     0.723057498493E-06
    41     0.652039523697E-06
    42     0.591497402433E-06
    43     0.539440268982E-06
    44     0.494108271996E-06
    45     0.454166354775E-06
    46     0.418581387008E-06
    47     0.386553938381E-06
    48     0.357560991877E-06
    49     0.331279641573E-06
    50     0.307432724918E-06
    51     0.285769343906E-06
    52     0.266062664865E-06
    53     0.248117873039E-06
    54     0.231760714081E-06
    55     0.216832643174E-06
    56     0.203190016987E-06
    57     0.190704670859E-06
    58     0.179262681146E-06
    59     0.168759006924E-06
    60     0.159103432668E-06
    61     0.150209303151E-06
    62     0.142003026145E-06
    63     0.134418135738E-06
    64     0.127392912594E-06
    65     0.120871569113E-06
    66     0.114804251306E-06
    67     0.109145259558E-06
    68     0.103851861780E-06
    69     0.988837000191E-07
    70     0.942057579720E-07
    71     0.898073527802E-07
    72     0.856973869790E-07
    73     0.818782346179E-07
    74     0.783457412488E-07
    75     0.750910044166E-07
    76     0.720947948208E-07
    77     0.693242920844E-07
    78     0.665921885954E-07
    79     0.635429797291E-07
    80     0.598038901018E-07
    81     0.549235059944E-07
    82     0.486888807304E-07
    83     0.417028884309E-07
    84     0.347363628291E-07
    85     0.283479031684E-07
    86     0.228095090194E-07
    87     0.180799204564E-07
    88     0.140733594821E-07
    89     0.107416578803E-07
    90     0.804417297514E-08
    91     0.591630857937E-08
    92     0.427850643920E-08
    93     0.304649594065E-08
    94     0.213913246148E-08
    95     0.148360992982E-08
    96     0.306943778944E-08
    97     0.000000000000E+00
